00000 1463226057.0243203640 0.1566525251
00001 1463226057.0688858032 0.1566525251
00002 1463226057.1162075996 0.1566525251
00003 1463226057.1661584377 0.1566525251
00004 1463226057.2110888958 0.1566525251
00005 1463226057.2585861683 0.1566525251
00006 1463226057.3059656620 0.1566525251
00007 1463226057.3533470631 0.1566525251
00008 1463226057.4032788277 0.1566525251
00009 1463226057.4487118721 0.1566525251
00010 1463226057.4956617355 0.1566525251
00011 1463226057.5454838276 0.1566525251
00012 1463226057.5904190540 0.1566525251
00013 1463226057.6378417015 0.1566525251
00014 1463226057.6853156090 0.1566525251
00015 1463226057.7326712608 0.1566525251
00016 1463226057.7808785439 0.1566525251
00017 1463226057.8278346062 0.1566525251
00018 1463226057.8749265671 0.1566525251
00019 1463226057.9223866463 0.1566525251
00020 1463226057.9697678089 0.1566525251
00021 1463226058.0172498226 0.1566525251
00022 1463226058.0646193027 0.1566525251
00023 1463226058.1128077507 0.1566525251
00024 1463226058.1595025063 0.1566525251
00025 1463226058.2069969177 0.1566525251
00026 1463226058.2543716431 0.1566525251
00027 1463226058.3017225266 0.1566525251
00028 1463226058.3518919945 0.1566525251
00029 1463226058.3968524933 0.1566525251
00030 1463226058.4440546036 0.1566525251
00031 1463226058.4915785789 0.1566525251
00032 1463226058.5405638218 0.1566525251
00033 1463226058.5866241455 0.1566525251
00034 1463226058.6357212067 0.1566525251
00035 1463226058.6810545921 0.1566525251
00036 1463226058.7287011147 0.1670772433
00037 1463226058.7760298252 0.1670772433
00038 1463226058.8240127563 0.1670772433
00039 1463226058.8711988926 0.1670772433
00040 1463226058.9181118011 0.1670772433
00041 1463226058.9654288292 0.1670772433
00042 1463226059.0129969120 0.1670772433
00043 1463226059.0603675842 0.1670772433
00044 1463226059.1078906059 0.1670772433
00045 1463226059.1552717686 0.1670772433
00046 1463226059.2026913166 0.1670772433
00047 1463226059.2500500679 0.1670772433
00048 1463226059.2975044250 0.1670772433
00049 1463226059.3450298309 0.1670772433
00050 1463226059.3922581673 0.1670772433
00051 1463226059.4399318695 0.1670772433
00052 1463226059.4891402721 0.1670772433
00053 1463226059.5346274376 0.1670772433
00054 1463226059.5819952488 0.1670772433
00055 1463226059.6314339638 0.1670772433
00056 1463226059.6777448654 0.1670772433
00057 1463226059.7244083881 0.1670772433
00058 1463226059.7718160152 0.1670772433
00059 1463226059.8192257881 0.1670772433
00060 1463226059.8666591644 0.1670772433
00061 1463226059.9140975475 0.1670772433
00062 1463226059.9641234875 0.1670772433
00063 1463226060.0087983608 0.1670772433
00064 1463226060.0583219528 0.1670772433
00065 1463226060.1036739349 0.1670772433
00066 1463226060.1510288715 0.1670772433
00067 1463226060.1984670162 0.1670772433
00068 1463226060.2473039627 0.1670772433
00069 1463226060.2953009605 0.1670772433
00070 1463226060.3408906460 0.1670772433
00071 1463226060.3882026672 0.1775019616
00072 1463226060.4356482029 0.1775019616
00073 1463226060.4829809666 0.1775019616
00074 1463226060.5312175751 0.1775019616
00075 1463226060.5809297562 0.1775019616
00076 1463226060.6282105446 0.1775019616
00077 1463226060.6744465828 0.1775019616
00078 1463226060.7201538086 0.1775019616
00079 1463226060.7675235271 0.1775019616
00080 1463226060.8149049282 0.1775019616
00081 1463226060.8630805016 0.1775019616
00082 1463226060.9128663540 0.1775019616
00083 1463226060.9596285820 0.1775019616
00084 1463226061.0046789646 0.1775019616
00085 1463226061.0519924164 0.1775019616
00086 1463226061.0994985104 0.1775019616
00087 1463226061.1468615532 0.1775019616
00088 1463226061.1945853233 0.1775019616
00089 1463226061.2427742481 0.1775019616
00090 1463226061.2901763916 0.1775019616
00091 1463226061.3373086452 0.1775019616
00092 1463226061.3840854168 0.1775019616
00093 1463226061.4313936234 0.1775019616
00094 1463226061.4788668156 0.1775019616
00095 1463226061.5291507244 0.1775019616
00096 1463226061.5736429691 0.1775019616
00097 1463226061.6219513416 0.1775019616
00098 1463226061.6685316563 0.1775019616
00099 1463226061.7178931236 0.1775019616
00100 1463226061.7643253803 0.1775019616
00101 1463226061.8131906986 0.1887719333
00102 1463226061.8588066101 0.1887719333
00103 1463226061.9058909416 0.1887719333
00104 1463226061.9550881386 0.1887719333
00105 1463226062.0004744530 0.1887719333
00106 1463226062.0478680134 0.2000418901
00107 1463226062.0954244137 0.2000418901
00108 1463226062.1440062523 0.2000418901
00109 1463226062.1903634071 0.2000418901
00110 1463226062.2378022671 0.2000418901
00111 1463226062.2848999500 0.2000418901
00112 1463226062.3322954178 0.2000418901
00113 1463226062.3797006607 0.2000418901
00114 1463226062.4274222851 0.2000418901
00115 1463226062.4746174812 0.2000418901
00116 1463226062.5222275257 0.2000418901
00117 1463226062.5731995106 0.2000418901
00118 1463226062.6169159412 0.2000418901
00119 1463226062.6642749310 0.2000418901
00120 1463226062.7117149830 0.2000418901
00121 1463226062.7592308521 0.2000418901
00122 1463226062.8066565990 0.2000418901
00123 1463226062.8540852070 0.2000418901
00124 1463226062.9016017914 0.2000418901
00125 1463226062.9487800598 0.2000418901
00126 1463226062.9962668419 0.2000418901
00127 1463226063.0435883999 0.2000418901
00128 1463226063.0911741257 0.2000418901
00129 1463226063.1409325600 0.2000418901
00130 1463226063.1858532429 0.2000418901
00131 1463226063.2345004082 0.1977878958
00132 1463226063.2807533741 0.1977878958
00133 1463226063.3294508457 0.1977878958
00134 1463226063.3786110878 0.1977878958
00135 1463226063.4239189625 0.1977878958
00136 1463226063.4706509113 0.1955339164
00137 1463226063.5178344250 0.1955339164
00138 1463226063.5661513805 0.1955339164
00139 1463226063.6154024601 0.1955339164
00140 1463226063.6602728367 0.1955339164
00141 1463226063.7075057030 0.1924346685
00142 1463226063.7549130917 0.1924346685
00143 1463226063.8023135662 0.1924346685
00144 1463226063.8519625664 0.1924346685
00145 1463226063.8997435570 0.1924346685
00146 1463226063.9446067810 0.1893354207
00147 1463226063.9922156334 0.1893354207
00148 1463226064.0425341129 0.1893354207
00149 1463226064.0894906521 0.1893354207
00150 1463226064.1342556477 0.1893354207
00151 1463226064.1816947460 0.1851091981
00152 1463226064.2292213440 0.1851091981
00153 1463226064.2767369747 0.1851091981
00154 1463226064.3272593021 0.1851091981
00155 1463226064.3716535568 0.1851091981
00156 1463226064.4188342094 0.1820099503
00157 1463226064.4662833214 0.1820099503
00158 1463226064.5136749744 0.1820099503
00159 1463226064.5610060692 0.1820099503
00160 1463226064.6086394787 0.1820099503
00161 1463226064.6559414864 0.1820099503
00162 1463226064.7034904957 0.1820099503
00163 1463226064.7507975101 0.1820099503
00164 1463226064.7985069752 0.1820099503
00165 1463226064.8463659286 0.1820099503
00166 1463226064.8929629326 0.1820099503
00167 1463226064.9403278828 0.1820099503
00168 1463226064.9878032207 0.1820099503
00169 1463226065.0352137089 0.1820099503
00170 1463226065.0825765133 0.1820099503
00171 1463226065.1301696301 0.1820099503
00172 1463226065.1775734425 0.1820099503
00173 1463226065.2288200855 0.1820099503
00174 1463226065.2761201859 0.1820099503
00175 1463226065.3201091290 0.1820099503
00176 1463226065.3672847748 0.1820099503
00177 1463226065.4146387577 0.1820099503
00178 1463226065.4620137215 0.1820099503
00179 1463226065.5110752583 0.1820099503
00180 1463226065.5577747822 0.1820099503
00181 1463226065.6042387486 0.1820099503
00182 1463226065.6523971558 0.1820099503
00183 1463226065.6990516186 0.1820099503
00184 1463226065.7487909794 0.1820099503
00185 1463226065.7939624786 0.1820099503
00186 1463226065.8414921761 0.1924346685
00187 1463226065.8890314102 0.1924346685
00188 1463226065.9363160133 0.1924346685
00189 1463226065.9836053848 0.1924346685
00190 1463226066.0314440727 0.1924346685
00191 1463226066.0790629387 0.1924346685
00192 1463226066.1260435581 0.1924346685
00193 1463226066.1734657288 0.1924346685
00194 1463226066.2208387852 0.1924346685
00195 1463226066.2688829899 0.1924346685
00196 1463226066.3168528080 0.1924346685
00197 1463226066.3629667759 0.1924346685
00198 1463226066.4103934765 0.1924346685
00199 1463226066.4595415592 0.1924346685
00200 1463226066.5052859783 0.1924346685
00201 1463226066.5543920994 0.1893354207
00202 1463226066.6007473469 0.1893354207
00203 1463226066.6475336552 0.1893354207
00204 1463226066.6968047619 0.1893354207
00205 1463226066.7423419952 0.1893354207
00206 1463226066.7903168201 0.1870814413
00207 1463226066.8397724628 0.1870814413
00208 1463226066.8848004341 0.1870814413
00209 1463226066.9340577126 0.1870814413
00210 1463226066.9796206951 0.1870814413
00211 1463226067.0269386768 0.1870814413
00212 1463226067.0742626190 0.1870814413
00213 1463226067.1217408180 0.1870814413
00214 1463226067.1691615582 0.1870814413
00215 1463226067.2175798416 0.1870814413
00216 1463226067.2646558285 0.1870814413
00217 1463226067.3114397526 0.1870814413
00218 1463226067.3589291573 0.1870814413
00219 1463226067.4063498974 0.1870814413
00220 1463226067.4537651539 0.1870814413
00221 1463226067.5012867451 0.1870814413
00222 1463226067.5495243073 0.1870814413
00223 1463226067.5969784260 0.1870814413
00224 1463226067.6438167095 0.1870814413
00225 1463226067.6926989555 0.1870814413
00226 1463226067.7383675575 0.1870814413
00227 1463226067.7856144905 0.1870814413
00228 1463226067.8345494270 0.1870814413
00229 1463226067.8804216385 0.1870814413
00230 1463226067.9278130531 0.1870814413
00231 1463226067.9752330780 0.1870814413
00232 1463226068.0226800442 0.1870814413
00233 1463226068.0700056553 0.1870814413
00234 1463226068.1174700260 0.1870814413
00235 1463226068.1649253368 0.1870814413
00236 1463226068.2123456001 0.1870814413
00237 1463226068.2597951889 0.1870814413
00238 1463226068.3072965145 0.1870814413
00239 1463226068.3547050953 0.1870814413
00240 1463226068.4020380974 0.1870814413
00241 1463226068.4495105743 0.1870814413
00242 1463226068.4968903065 0.1870814413
00243 1463226068.5472640991 0.1870814413
00244 1463226068.5916841030 0.1870814413
00245 1463226068.6392638683 0.1870814413
00246 1463226068.6865029335 0.1870814413
00247 1463226068.7340302467 0.1870814413
00248 1463226068.7814970016 0.1870814413
00249 1463226068.8289253712 0.1870814413
00250 1463226068.8762512207 0.1870814413
00251 1463226068.9235908985 0.1870814413
00252 1463226068.9710938931 0.1870814413
00253 1463226069.0184836388 0.1870814413
00254 1463226069.0678400993 0.1870814413
00255 1463226069.1132605076 0.1870814413
00256 1463226069.1607139111 0.1848274469
00257 1463226069.2084054947 0.1848274469
00258 1463226069.2565479279 0.1848274469
00259 1463226069.3052840233 0.1848274469
00260 1463226069.3504559994 0.1848274469
00261 1463226069.3978021145 0.1797559559
00262 1463226069.4452776909 0.1797559559
00263 1463226069.4928982258 0.1797559559
00264 1463226069.5419135094 0.1797559559
00265 1463226069.5875227451 0.1797559559
00266 1463226069.6349494457 0.1755297184
00267 1463226069.6862468719 0.1755297184
00268 1463226069.7297043800 0.1755297184
00269 1463226069.7798073292 0.1755297184
00270 1463226069.8246035576 0.1755297184
00271 1463226069.8720705509 0.1713034809
00272 1463226069.9221355915 0.1713034809
00273 1463226069.9672060013 0.1713034809
00274 1463226070.0165140629 0.1713034809
00275 1463226070.0616972446 0.1713034809
00276 1463226070.1090817451 0.1670772433
00277 1463226070.1569151878 0.1670772433
00278 1463226070.2041866779 0.1670772433
00279 1463226070.2540490627 0.1670772433
00280 1463226070.2988178730 0.1670772433
00281 1463226070.3462283611 0.1608787626
00282 1463226070.3941545486 0.1608787626
00283 1463226070.4411339760 0.1608787626
00284 1463226070.4913866520 0.1608787626
00285 1463226070.5359218121 0.1608787626
00286 1463226070.5833547115 0.1538350284
00287 1463226070.6307566166 0.1538350284
00288 1463226070.6781828403 0.1538350284
00289 1463226070.7277705669 0.1538350284
00290 1463226070.7729420662 0.1538350284
00291 1463226070.8205084801 0.1467913091
00292 1463226070.8677926064 0.1467913091
00293 1463226070.9155075550 0.1467913091
00294 1463226070.9643456936 0.1467913091
00295 1463226071.0100221634 0.1467913091
00296 1463226071.0575211048 0.1397475749
00297 1463226071.1056659222 0.1397475749
00298 1463226071.1532278061 0.1397475749
00299 1463226071.2028572559 0.1397475749
00300 1463226071.2472982407 0.1397475749
00301 1463226071.2951290607 0.1355213374
00302 1463226071.3452095985 0.1355213374
00303 1463226071.3894312382 0.1355213374
00304 1463226071.4368894100 0.1355213374
00305 1463226071.4842600822 0.1355213374
00306 1463226071.5317373276 0.1355213374
00307 1463226071.5792005062 0.1355213374
00308 1463226071.6265850067 0.1355213374
00309 1463226071.6760733128 0.1355213374
00310 1463226071.7215626240 0.1355213374
00311 1463226071.7700932026 0.1355213374
00312 1463226071.8163089752 0.1355213374
00313 1463226071.8667619228 0.1355213374
00314 1463226071.9143705368 0.1355213374
00315 1463226071.9588463306 0.1355213374
00316 1463226072.0059301853 0.1355213374
00317 1463226072.0534281731 0.1355213374
00318 1463226072.1007840633 0.1355213374
00319 1463226072.1543688774 0.1355213374
00320 1463226072.1961641312 0.1355213374
00321 1463226072.2428631783 0.1355213374
00322 1463226072.2902960777 0.1355213374
00323 1463226072.3407740593 0.1355213374
00324 1463226072.3870048523 0.1355213374
00325 1463226072.4328160286 0.1355213374
00326 1463226072.4800283909 0.1467913091
00327 1463226072.5279335976 0.1467913091
00328 1463226072.5765604973 0.1467913091
00329 1463226072.6223158836 0.1467913091
00330 1463226072.6697556973 0.1467913091
00331 1463226072.7172622681 0.1467913091
00332 1463226072.7648811340 0.1467913091
00333 1463226072.8121414185 0.1467913091
00334 1463226072.8594143391 0.1467913091
00335 1463226072.9068479538 0.1467913091
00336 1463226072.9543299675 0.1467913091
00337 1463226073.0016827583 0.1467913091
00338 1463226073.0522568226 0.1467913091
00339 1463226073.0965631008 0.1467913091
00340 1463226073.1447250843 0.1467913091
00341 1463226073.1913022995 0.1467913091
00342 1463226073.2388973236 0.1467913091
00343 1463226073.2863306999 0.1467913091
00344 1463226073.3367147446 0.1467913091
00345 1463226073.3811571598 0.1467913091
00346 1463226073.4287278652 0.1456643045
00347 1463226073.4767544270 0.1456643045
00348 1463226073.5260119438 0.1456643045
00349 1463226073.5732929707 0.1456643045
00350 1463226073.6193947792 0.1445373148
00351 1463226073.6656706333 0.1445373148
00352 1463226073.7140703201 0.1445373148
00353 1463226073.7615082264 0.1445373148
00354 1463226073.8100981712 0.1445373148
00355 1463226073.8552854061 0.1445373148
00356 1463226073.9026873112 0.1422833204
00357 1463226073.9501390457 0.1422833204
00358 1463226074.0005545616 0.1422833204
00359 1463226074.0470020771 0.1422833204
00360 1463226074.0936224461 0.1422833204
00361 1463226074.1397523880 0.1400293261
00362 1463226074.1872084141 0.1400293261
00363 1463226074.2354221344 0.1400293261
00364 1463226074.2841603756 0.1400293261
00365 1463226074.3306937218 0.1400293261
00366 1463226074.3781094551 0.1389023364
00367 1463226074.4242961407 0.1389023364
00368 1463226074.4748959541 0.1389023364
00369 1463226074.5190820694 0.1389023364
00370 1463226074.5665254593 0.1389023364
00371 1463226074.6141543388 0.1389023364
00372 1463226074.6613268852 0.1389023364
00373 1463226074.7087543011 0.1389023364
00374 1463226074.7562870979 0.1389023364
00375 1463226074.8037688732 0.1389023364
00376 1463226074.8512115479 0.1389023364
00377 1463226074.8998491764 0.1389023364
00378 1463226074.9458615780 0.1389023364
00379 1463226075.0000956059 0.1389023364
00380 1463226075.0407271385 0.1386205852
00381 1463226075.0929503441 0.1386205852
00382 1463226075.1368064880 0.1386205852
00383 1463226075.1834843159 0.1386205852
00384 1463226075.2327404022 0.1386205852
00385 1463226075.2776954174 0.1386205852
00386 1463226075.3270497322 0.1490453035
00387 1463226075.3726775646 0.1490453035
00388 1463226075.4199800491 0.1490453035
00389 1463226075.4694325924 0.1490453035
00390 1463226075.5153880119 0.1490453035
00391 1463226075.5623674393 0.1594700217
00392 1463226075.6131436825 0.1594700217
00393 1463226075.6571428776 0.1594700217
00394 1463226075.7044901848 0.1594700217
00395 1463226075.7520213127 0.1594700217
00396 1463226075.7993688583 0.1594700217
00397 1463226075.8468458652 0.1594700217
00398 1463226075.8942708969 0.1594700217
00399 1463226075.9435048103 0.1594700217
00400 1463226075.9890706539 0.1594700217
00401 1463226076.0364999771 0.1583430171
00402 1463226076.0840322971 0.1583430171
00403 1463226076.1315555573 0.1583430171
00404 1463226076.1821386814 0.1583430171
00405 1463226076.2262036800 0.1583430171
00406 1463226076.2736628056 0.1560890228
00407 1463226076.3239262104 0.1560890228
00408 1463226076.3687813282 0.1560890228
00409 1463226076.4199516773 0.1560890228
00410 1463226076.4632911682 0.1560890228
00411 1463226076.5106761456 0.1538350284
00412 1463226076.5580847263 0.1538350284
00413 1463226076.6056413651 0.1538350284
00414 1463226076.6550173759 0.1538350284
00415 1463226076.7004864216 0.1538350284
00416 1463226076.7478427887 0.1487635523
00417 1463226076.7956490517 0.1487635523
00418 1463226076.8425502777 0.1487635523
00419 1463226076.8922810555 0.1487635523
00420 1463226076.9374144077 0.1487635523
00421 1463226076.9867327213 0.1405928284
00422 1463226077.0323641300 0.1405928284
00423 1463226077.0797150135 0.1405928284
00424 1463226077.1299734116 0.1405928284
00425 1463226077.1766989231 0.1405928284
00426 1463226077.2220602036 0.1293228567
00427 1463226077.2698800564 0.1293228567
00428 1463226077.3168861866 0.1293228567
00429 1463226077.3664209843 0.1293228567
00430 1463226077.4117379189 0.1293228567
00431 1463226077.4591550827 0.1203068867
00432 1463226077.5066027641 0.1203068867
00433 1463226077.5538845062 0.1203068867
00434 1463226077.6093935966 0.1203068867
00435 1463226077.6492581367 0.1203068867
00436 1463226077.6962420940 0.1132631600
00437 1463226077.7437980175 0.1132631600
00438 1463226077.7912032604 0.1132631600
00439 1463226077.8439204693 0.1132631600
00440 1463226077.8860297203 0.1132631600
00441 1463226077.9361631870 0.1081916764
00442 1463226077.9808187485 0.1081916764
00443 1463226078.0289800167 0.1081916764
00444 1463226078.0774610043 0.1081916764
00445 1463226078.1230113506 0.1081916764
00446 1463226078.1717290878 0.1019931883
00447 1463226078.2178554535 0.1019931883
00448 1463226078.2652473450 0.1019931883
00449 1463226078.3150687218 0.1019931883
00450 1463226078.3601555824 0.1019931883
00451 1463226078.4074640274 0.0977669582
00452 1463226078.4548661709 0.0977669582
00453 1463226078.5022289753 0.0977669582
00454 1463226078.5516223907 0.0977669582
00455 1463226078.5971653461 0.0977669582
00456 1463226078.6447808743 0.0935407206
00457 1463226078.6919543743 0.0935407206
00458 1463226078.7396256924 0.0935407206
00459 1463226078.7889533043 0.0935407206
00460 1463226078.8347053528 0.0935407206
00461 1463226078.8819403648 0.0884692296
00462 1463226078.9304566383 0.0884692296
00463 1463226078.9768977165 0.0884692296
00464 1463226079.0276825428 0.0884692296
00465 1463226079.0713536739 0.0884692296
00466 1463226079.1195507050 0.0833977461
00467 1463226079.1673321724 0.0833977461
00468 1463226079.2136859894 0.0833977461
00469 1463226079.2635691166 0.0833977461
00470 1463226079.3086290359 0.0833977461
00471 1463226079.3559846878 0.0763540193
00472 1463226079.4033994675 0.0763540193
00473 1463226079.4515964985 0.0763540193
00474 1463226079.5030226707 0.0763540193
00475 1463226079.5456578732 0.0763540193
00476 1463226079.5932598114 0.0701555386
00477 1463226079.6410448551 0.0701555386
00478 1463226079.6888322830 0.0701555386
00479 1463226079.7373633385 0.0701555386
00480 1463226079.7827920914 0.0701555386
00481 1463226079.8300187588 0.0650840551
00482 1463226079.8776028156 0.0650840551
00483 1463226079.9248609543 0.0650840551
00484 1463226079.9787666798 0.0650840551
00485 1463226080.0196783543 0.0650840551
00486 1463226080.0670919418 0.0600125678
00487 1463226080.1146807671 0.0600125678
00488 1463226080.1626546383 0.0600125678
00489 1463226080.2114353180 0.0600125678
00490 1463226080.2569146156 0.0600125678
00491 1463226080.3045349121 0.0549410842
00492 1463226080.3550763130 0.0549410842
00493 1463226080.3994345665 0.0549410842
00494 1463226080.4486567974 0.0549410842
00495 1463226080.4939756393 0.0549410842
00496 1463226080.5413956642 0.0507148467
00497 1463226080.5887744427 0.0507148467
00498 1463226080.6392519474 0.0507148467
00499 1463226080.6859076023 0.0507148467
00500 1463226080.7311518192 0.0507148467
00501 1463226080.7784533501 0.0464886092
00502 1463226080.8259844780 0.0464886092
00503 1463226080.8734917641 0.0464886092
00504 1463226080.9230737686 0.0464886092
00505 1463226080.9682264328 0.0464886092
00506 1463226081.0154778957 0.0433893688
00507 1463226081.0629234314 0.0433893688
00508 1463226081.1104662418 0.0433893688
00509 1463226081.1600215435 0.0433893688
00510 1463226081.2066869736 0.0433893688
00511 1463226081.2529883385 0.0402901284
00512 1463226081.3000900745 0.0402901284
00513 1463226081.3474893570 0.0402901284
00514 1463226081.3970172405 0.0402901284
00515 1463226081.4425518513 0.0402901284
00516 1463226081.4896688461 0.0380361341
00517 1463226081.5372078419 0.0380361341
00518 1463226081.5859341621 0.0380361341
00519 1463226081.6353943348 0.0380361341
00520 1463226081.6794257164 0.0380361341
00521 1463226081.7267451286 0.0357821435
00522 1463226081.7742412090 0.0357821435
00523 1463226081.8216056824 0.0357821435
00524 1463226081.8718886375 0.0357821435
00525 1463226081.9179713726 0.0357821435
00526 1463226081.9639739990 0.0335281491
00527 1463226082.0122849941 0.0335281491
00528 1463226082.0588822365 0.0335281491
00529 1463226082.1104745865 0.0335281491
00530 1463226082.1536569595 0.0335281491
00531 1463226082.2011277676 0.0312741548
00532 1463226082.2485599518 0.0312741548
00533 1463226082.2959153652 0.0312741548
00534 1463226082.3458287716 0.0312741548
00535 1463226082.3907339573 0.0312741548
00536 1463226082.4382729530 0.0301471595
00537 1463226082.4856007099 0.0301471595
00538 1463226082.5330150127 0.0301471595
00539 1463226082.5824234486 0.0301471595
00540 1463226082.6278014183 0.0301471595
00541 1463226082.6760003567 0.0290201623
00542 1463226082.7226464748 0.0290201623
00543 1463226082.7700970173 0.0290201623
00544 1463226082.8195025921 0.0290201623
00545 1463226082.8648703098 0.0290201623
00546 1463226082.9123506546 0.0278931651
00547 1463226082.9598026276 0.0278931651
00548 1463226083.0071845055 0.0278931651
00549 1463226083.0567564964 0.0278931651
00550 1463226083.1019577980 0.0278931651
00551 1463226083.1529700756 0.0267661698
00552 1463226083.1974864006 0.0267661698
00553 1463226083.2445077896 0.0267661698
00554 1463226083.2939879894 0.0267661698
00555 1463226083.3421673775 0.0267661698
00556 1463226083.3865702152 0.0256391726
00557 1463226083.4340059757 0.0256391726
00558 1463226083.4813630581 0.0256391726
00559 1463226083.5344712734 0.0256391726
00560 1463226083.5760848522 0.0256391726
00561 1463226083.6235520840 0.0256391726
00562 1463226083.6710612774 0.0256391726
00563 1463226083.7185058594 0.0256391726
00564 1463226083.7686464787 0.0256391726
00565 1463226083.8133420944 0.0256391726
00566 1463226083.8616526127 0.0256391726
00567 1463226083.9081494808 0.0256391726
00568 1463226083.9554555416 0.0256391726
00569 1463226084.0048019886 0.0256391726
00570 1463226084.0509734154 0.0256391726
00571 1463226084.0982093811 0.0256391726
00572 1463226084.1468241215 0.0256391726
00573 1463226084.1927390099 0.0256391726
00574 1463226084.2421150208 0.0256391726
00575 1463226084.2874295712 0.0256391726
00576 1463226084.3349130154 0.0256391726
00577 1463226084.3824717999 0.0256391726
00578 1463226084.4297645092 0.0256391726
00579 1463226084.4790389538 0.0256391726
00580 1463226084.5245606899 0.0256391726
00581 1463226084.5733258724 0.0256391726
00582 1463226084.6220269203 0.0256391726
00583 1463226084.6668019295 0.0256391726
00584 1463226084.7185366154 0.0256391726
00585 1463226084.7617468834 0.0256391726
00586 1463226084.8115630150 0.0256391726
00587 1463226084.8565435410 0.0256391726
00588 1463226084.9040069580 0.0256391726
00589 1463226084.9538676739 0.0256391726
00590 1463226084.9990394115 0.0256391726
00591 1463226085.0463378429 0.0256391726
00592 1463226085.0944805145 0.0256391726
00593 1463226085.1415195465 0.0256391726
00594 1463226085.1919090748 0.0256391726
00595 1463226085.2359113693 0.0256391726
00596 1463226085.2864806652 0.0256391726
00597 1463226085.3339085579 0.0256391726
00598 1463226085.3781063557 0.0256391726
00599 1463226085.4278507233 0.0256391726
00600 1463226085.4730319977 0.0256391726
00601 1463226085.5202994347 0.0256391726
00602 1463226085.5681083202 0.0256391726
00603 1463226085.6150901318 0.0256391726
00604 1463226085.6644005775 0.0256391726
00605 1463226085.7099738121 0.0256391726
00606 1463226085.7574748993 0.0245121755
00607 1463226085.8049607277 0.0245121755
00608 1463226085.8522863388 0.0245121755
00609 1463226085.9065377712 0.0245121755
00610 1463226085.9471647739 0.0233851802
00611 1463226085.9948446751 0.0233851802
00612 1463226086.0420627594 0.0233851802
00613 1463226086.0896816254 0.0233851802
00614 1463226086.1393225193 0.0233851802
00615 1463226086.1846747398 0.0233851802
00616 1463226086.2316436768 0.0222581830
00617 1463226086.2791397572 0.0222581830
00618 1463226086.3266272545 0.0222581830
00619 1463226086.3758146763 0.0222581830
00620 1463226086.4214468002 0.0219764337
00621 1463226086.4688441753 0.0219764337
00622 1463226086.5161452293 0.0219764337
00623 1463226086.5641303062 0.0219764337
00624 1463226086.6147158146 0.0219764337
00625 1463226086.6586120129 0.0219764337
00626 1463226086.7057657242 0.0219764337
00627 1463226086.7534041405 0.0219764337
00628 1463226086.8007636070 0.0219764337
00629 1463226086.8512775898 0.0219764337
00630 1463226086.8955719471 0.0219764337
00631 1463226086.9429726601 0.0208494365
00632 1463226086.9903337955 0.0208494365
00633 1463226087.0377275944 0.0208494365
00634 1463226087.0871548653 0.0208494365
00635 1463226087.1326413155 0.0205676872
00636 1463226087.1800093651 0.0205676872
00637 1463226087.2274222374 0.0205676872
00638 1463226087.2772669792 0.0205676872
00639 1463226087.3244726658 0.0205676872
00640 1463226087.3697316647 0.0205676872
00641 1463226087.4171309471 0.0205676872
00642 1463226087.4649379253 0.0205676872
00643 1463226087.5120000839 0.0205676872
00644 1463226087.5649087429 0.0205676872
00645 1463226087.6070935726 0.0205676872
00646 1463226087.6545808315 0.0205676872
00647 1463226087.7015755177 0.0205676872
00648 1463226087.7520854473 0.0205676872
00649 1463226087.7982990742 0.0205676872
00650 1463226087.8438456059 0.0194406919
00651 1463226087.8916082382 0.0194406919
00652 1463226087.9390149117 0.0194406919
00653 1463226087.9860866070 0.0194406919
00654 1463226088.0356490612 0.0194406919
00655 1463226088.0810258389 0.0194406919
00656 1463226088.1286263466 0.0194406919
00657 1463226088.1760749817 0.0194406919
00658 1463226088.2233765125 0.0194406919
00659 1463226088.2735345364 0.0194406919
00660 1463226088.3182249069 0.0194406919
00661 1463226088.3656423092 0.0183136947
00662 1463226088.4130668640 0.0183136947
00663 1463226088.4606511593 0.0183136947
00664 1463226088.5118360519 0.0183136947
00665 1463226088.5552937984 0.0183136947
00666 1463226088.6025824547 0.0183136947
00667 1463226088.6500420570 0.0183136947
00668 1463226088.6975209713 0.0183136947
00669 1463226088.7470510006 0.0183136947
00670 1463226088.7929224968 0.0183136947
00671 1463226088.8397676945 0.0171866976
00672 1463226088.8871810436 0.0171866976
00673 1463226088.9350342751 0.0171866976
00674 1463226088.9837028980 0.0171866976
00675 1463226089.0311996937 0.0171866976
00676 1463226089.0768270493 0.0160597023
00677 1463226089.1243424416 0.0160597023
00678 1463226089.1724021435 0.0160597023
00679 1463226089.2214107513 0.0160597023
00680 1463226089.2663631439 0.0160597023
00681 1463226089.3138349056 0.0149327051
00682 1463226089.3616957664 0.0149327051
00683 1463226089.4087374210 0.0149327051
00684 1463226089.4583973885 0.0149327051
00685 1463226089.5039994717 0.0149327051
00686 1463226089.5510373116 0.0138057079
00687 1463226089.5984041691 0.0138057079
00688 1463226089.6458394527 0.0138057079
00689 1463226089.6955678463 0.0138057079
00690 1463226089.7416536808 0.0126787117
00691 1463226089.7882301807 0.0126787117
00692 1463226089.8356816769 0.0126787117
00693 1463226089.8830721378 0.0126787117
00694 1463226089.9327096939 0.0126787117
00695 1463226089.9777865410 0.0126787117
00696 1463226090.0257320404 0.0115517154
00697 1463226090.0730834007 0.0115517154
00698 1463226090.1203148365 0.0115517154
00699 1463226090.1693398952 0.0115517154
00700 1463226090.2149171829 0.0115517154
00701 1463226090.2623007298 0.0104247183
00702 1463226090.3097844124 0.0104247183
00703 1463226090.3571848869 0.0104247183
00704 1463226090.4066860676 0.0104247183
00705 1463226090.4522376060 0.0101429690
00706 1463226090.4994220734 0.0101429690
00707 1463226090.5467855930 0.0101429690
00708 1463226090.5942587852 0.0101429690
00709 1463226090.6478917599 0.0101429690
00710 1463226090.6890957355 0.0101429690
00711 1463226090.7397129536 0.0101429690
00712 1463226090.7838749886 0.0101429690
00713 1463226090.8312313557 0.0101429690
00714 1463226090.8786561489 0.0101429690
00715 1463226090.9262225628 0.0101429690
00716 1463226090.9774324894 0.0101429690
00717 1463226091.0209321976 0.0101429690
00718 1463226091.0684266090 0.0101429690
00719 1463226091.1158919334 0.0101429690
00720 1463226091.1668524742 0.0101429690
00721 1463226091.2105853558 0.0101429690
00722 1463226091.2581307888 0.0101429690
00723 1463226091.3055315018 0.0101429690
00724 1463226091.3555810452 0.0101429690
00725 1463226091.4005708694 0.0101429690
00726 1463226091.4478058815 0.0101429690
00727 1463226091.4953067303 0.0101429690
00728 1463226091.5426497459 0.0101429690
00729 1463226091.5901598930 0.0101429690
00730 1463226091.6375305653 0.0101429690
00731 1463226091.6849730015 0.0101429690
00732 1463226091.7322802544 0.0101429690
00733 1463226091.7835223675 0.0101429690
00734 1463226091.8328456879 0.0101429690
00735 1463226091.8745286465 0.0101429690
00736 1463226091.9220519066 0.0101429690
00737 1463226091.9695775509 0.0101429690
00738 1463226092.0175299644 0.0101429690
00739 1463226092.0651283264 0.0101429690
00740 1463226092.1115901470 0.0101429690
00741 1463226092.1603796482 0.0101429690
00742 1463226092.2073609829 0.0101429690
00743 1463226092.2550361156 0.0101429690
00744 1463226092.3038141727 0.0101429690
00745 1463226092.3510468006 0.0101429690
00746 1463226092.3962147236 0.0101429690
00747 1463226092.4450078011 0.0101429690
00748 1463226092.4921464920 0.0101429690
00749 1463226092.5405359268 0.0101429690
00750 1463226092.5858285427 0.0101429690
00751 1463226092.6333098412 0.0101429690
00752 1463226092.6819138527 0.0101429690
00753 1463226092.7281837463 0.0101429690
00754 1463226092.7775900364 0.0101429690
00755 1463226092.8229708672 0.0101429690
00756 1463226092.8704063892 0.0101429690
00757 1463226092.9179744720 0.0101429690
00758 1463226092.9689092636 0.0101429690
00759 1463226093.0146193504 0.0101429690
00760 1463226093.0599391460 0.0101429690
00761 1463226093.1073646545 0.0101429690
00762 1463226093.1549000740 0.0101429690
00763 1463226093.2023637295 0.0101429690
00764 1463226093.2519330978 0.0101429690
00765 1463226093.2970931530 0.0101429690
00766 1463226093.3445827961 0.0101429690
00767 1463226093.3919982910 0.0101429690
00768 1463226093.4406147003 0.0101429690
00769 1463226093.4868371487 0.0101429690
00770 1463226093.5371692181 0.0101429690
00771 1463226093.5820827484 0.0101429690
00772 1463226093.6297867298 0.0101429690
00773 1463226093.6764833927 0.0101429690
00774 1463226093.7257413864 0.0101429690
00775 1463226093.7725307941 0.0101429690
00776 1463226093.8186314106 0.0101429690
00777 1463226093.8662509918 0.0101429690
00778 1463226093.9136178493 0.0101429690
00779 1463226093.9683361053 0.0101429690
00780 1463226094.0083286762 0.0101429690
00781 1463226094.0565674305 0.0101429690
00782 1463226094.1032364368 0.0101429690
00783 1463226094.1540267467 0.0101429690
00784 1463226094.2006964684 0.0101429690
00785 1463226094.2455193996 0.0101429690
00786 1463226094.2947409153 0.0101429690
00787 1463226094.3404214382 0.0101429690
00788 1463226094.3879904747 0.0101429690
00789 1463226094.4376058578 0.0101429690
00790 1463226094.4826860428 0.0101429690
00791 1463226094.5299572945 0.0101429690
00792 1463226094.5774054527 0.0101429690
00793 1463226094.6249208450 0.0101429690
00794 1463226094.6742289066 0.0101429690
00795 1463226094.7202374935 0.0101429690
00796 1463226094.7673938274 0.0101429690
00797 1463226094.8150041103 0.0101429690
00798 1463226094.8623325825 0.0101429690
00799 1463226094.9117610455 0.0101429690
00800 1463226094.9567630291 0.0101429690
00801 1463226095.0042026043 0.0101429690
00802 1463226095.0517675877 0.0101429690
00803 1463226095.0992305279 0.0101429690
00804 1463226095.1483581066 0.0101429690
00805 1463226095.1938903332 0.0101429690
00806 1463226095.2426090240 0.0101429690
00807 1463226095.2887158394 0.0101429690
00808 1463226095.3391318321 0.0101429690
00809 1463226095.3854947090 0.0101429690
00810 1463226095.4309546947 0.0205676872
00811 1463226095.4783575535 0.0205676872
00812 1463226095.5257461071 0.0205676872
00813 1463226095.5732507706 0.0205676872
00814 1463226095.6226055622 0.0205676872
00815 1463226095.6680510044 0.0205676872
00816 1463226095.7157659531 0.0205676872
00817 1463226095.7629413605 0.0205676872
00818 1463226095.8108808994 0.0205676872
00819 1463226095.8603773117 0.0205676872
00820 1463226095.9052302837 0.0205676872
00821 1463226095.9526505470 0.0205676872
00822 1463226096.0002188683 0.0205676872
00823 1463226096.0473809242 0.0205676872
00824 1463226096.0969829559 0.0205676872
00825 1463226096.1453552246 0.0205676872
00826 1463226096.1897201538 0.0205676872
00827 1463226096.2399127483 0.0205676872
00828 1463226096.2849857807 0.0205676872
00829 1463226096.3350560665 0.0205676872
00830 1463226096.3793282509 0.0205676872
00831 1463226096.4267511368 0.0205676872
00832 1463226096.4742312431 0.0205676872
00833 1463226096.5219824314 0.0205676872
00834 1463226096.5713839531 0.0205676872
00835 1463226096.6166167259 0.0205676872
00836 1463226096.6638035774 0.0205676872
00837 1463226096.7113292217 0.0205676872
00838 1463226096.7587540150 0.0205676872
00839 1463226096.8081285954 0.0205676872
00840 1463226096.8546881676 0.0205676872
00841 1463226096.9009418488 0.0205676872
00842 1463226096.9489653111 0.0205676872
00843 1463226096.9958539009 0.0205676872
00844 1463226097.0493245125 0.0205676872
00845 1463226097.0906744003 0.0205676872
00846 1463226097.1385710239 0.0205676872
00847 1463226097.1855552197 0.0205676872
00848 1463226097.2348277569 0.0205676872
00849 1463226097.2834587097 0.0205676872
00850 1463226097.3278675079 0.0205676872
00851 1463226097.3753273487 0.0205676872
00852 1463226097.4226264954 0.0205676872
00853 1463226097.4701576233 0.0205676872
00854 1463226097.5195090771 0.0205676872
00855 1463226097.5649855137 0.0205676872
00856 1463226097.6123113632 0.0205676872
00857 1463226097.6597127914 0.0205676872
00858 1463226097.7071044445 0.0205676872
00859 1463226097.7606174946 0.0205676872
00860 1463226097.8036940098 0.0205676872
00861 1463226097.8493640423 0.0205676872
00862 1463226097.8968660831 0.0205676872
00863 1463226097.9442789555 0.0205676872
00864 1463226097.9936506748 0.0205676872
00865 1463226098.0390014648 0.0205676872
00866 1463226098.0874149799 0.0205676872
00867 1463226098.1339240074 0.0205676872
00868 1463226098.1819908619 0.0205676872
00869 1463226098.2312769890 0.0205676872
00870 1463226098.2760958672 0.0205676872
00871 1463226098.3236298561 0.0205676872
00872 1463226098.3714237213 0.0205676872
00873 1463226098.4184966087 0.0205676872
00874 1463226098.4680902958 0.0205676872
00875 1463226098.5132889748 0.0205676872
00876 1463226098.5611610413 0.0205676872
00877 1463226098.6080386639 0.0205676872
00878 1463226098.6554923058 0.0205676872
00879 1463226098.7063550949 0.0205676872
00880 1463226098.7504172325 0.0205676872
00881 1463226098.7981657982 0.0205676872
00882 1463226098.8483078480 0.0205676872
00883 1463226098.8927536011 0.0205676872
00884 1463226098.9400677681 0.0205676872
00885 1463226098.9874567986 0.0205676872
00886 1463226099.0348553658 0.0205676872
00887 1463226099.0822603703 0.0205676872
00888 1463226099.1297581196 0.0205676872
00889 1463226099.1788692474 0.0205676872
00890 1463226099.2245900631 0.0205676872
00891 1463226099.2718758583 0.0205676872
00892 1463226099.3192996979 0.0205676872
00893 1463226099.3668303490 0.0205676872
00894 1463226099.4165737629 0.0205676872
00895 1463226099.4617443085 0.0205676872
00896 1463226099.5089695454 0.0205676872
00897 1463226099.5574049950 0.0205676872
00898 1463226099.6041398048 0.0205676872
00899 1463226099.6532018185 0.0205676872
00900 1463226099.6986203194 0.0205676872
00901 1463226099.7461659908 0.0205676872
00902 1463226099.7935185432 0.0205676872
00903 1463226099.8410053253 0.0205676872
00904 1463226099.8902146816 0.0205676872
00905 1463226099.9357919693 0.0205676872
00906 1463226099.9833216667 0.0205676872
00907 1463226100.0306589603 0.0205676872
00908 1463226100.0780880451 0.0205676872
00909 1463226100.1281802654 0.0205676872
00910 1463226100.1732153893 0.0205676872
00911 1463226100.2236940861 0.0205676872
00912 1463226100.2678303719 0.0205676872
00913 1463226100.3151850700 0.0205676872
00914 1463226100.3658120632 0.0205676872
00915 1463226100.4101653099 0.0205676872
00916 1463226100.4574975967 0.0205676872
00917 1463226100.5074777603 0.0205676872
00918 1463226100.5522575378 0.0205676872
00919 1463226100.6015949249 0.0205676872
00920 1463226100.6471819878 0.0205676872
00921 1463226100.6944344044 0.0205676872
00922 1463226100.7419571877 0.0205676872
00923 1463226100.7892787457 0.0205676872
00924 1463226100.8388416767 0.0205676872
00925 1463226100.8843443394 0.0205676872
00926 1463226100.9316205978 0.0205676872
00927 1463226100.9789824486 0.0205676872
00928 1463226101.0263729095 0.0205676872
00929 1463226101.0757763386 0.0205676872
00930 1463226101.1212806702 0.0205676872
00931 1463226101.1687552929 0.0205676872
00932 1463226101.2162315845 0.0205676872
00933 1463226101.2640259266 0.0205676872
00934 1463226101.3135228157 0.0205676872
00935 1463226101.3583269119 0.0205676872
00936 1463226101.4057531357 0.0205676872
00937 1463226101.4532177448 0.0205676872
00938 1463226101.5015900135 0.0205676872
00939 1463226101.5497734547 0.0205676872
00940 1463226101.5957810879 0.0205676872
00941 1463226101.6433331966 0.0205676872
00942 1463226101.6929943562 0.0205676872
00943 1463226101.7379186153 0.0205676872
00944 1463226101.7880604267 0.0205676872
00945 1463226101.8327708244 0.0205676872
00946 1463226101.8809490204 0.0205676872
00947 1463226101.9275293350 0.0205676872
00948 1463226101.9749040604 0.0205676872
00949 1463226102.0222363472 0.0205676872
00950 1463226102.0697236061 0.0205676872
00951 1463226102.1170818806 0.0205676872
00952 1463226102.1658110619 0.0205676872
00953 1463226102.2120394707 0.0205676872
00954 1463226102.2615146637 0.0205676872
00955 1463226102.3068065643 0.0205676872
00956 1463226102.3551321030 0.0205676872
00957 1463226102.4017634392 0.0205676872
00958 1463226102.4490320683 0.0205676872
00959 1463226102.4992609024 0.0205676872
00960 1463226102.5438694954 0.0205676872
00961 1463226102.5912940502 0.0205676872
00962 1463226102.6387398243 0.0205676872
00963 1463226102.6861016750 0.0205676872
00964 1463226102.7354998589 0.0205676872
00965 1463226102.7827191353 0.0205676872
00966 1463226102.8286318779 0.0309924055
00967 1463226102.8757898808 0.0309924055
00968 1463226102.9231936932 0.0309924055
00969 1463226102.9705998898 0.0309924055
00970 1463226103.0181834698 0.0309924055
00971 1463226103.0655596256 0.0309924055
00972 1463226103.1144552231 0.0309924055
00973 1463226103.1606829166 0.0309924055
00974 1463226103.2077834606 0.0309924055
00975 1463226103.2555656433 0.0309924055
00976 1463226103.3026871681 0.0309924055
00977 1463226103.3501420021 0.0309924055
00978 1463226103.3976047039 0.0309924055
00979 1463226103.4470665455 0.0309924055
00980 1463226103.4921863079 0.0309924055
00981 1463226103.5396332741 0.0307106581
00982 1463226103.5874691010 0.0307106581
00983 1463226103.6346042156 0.0307106581
00984 1463226103.6819756031 0.0307106581
00985 1463226103.7293779850 0.0307106581
00986 1463226103.7771084309 0.0307106581
00987 1463226103.8264315128 0.0307106581
00988 1463226103.8715515137 0.0307106581
00989 1463226103.9212155342 0.0307106581
00990 1463226103.9667541981 0.0307106581
00991 1463226104.0152201653 0.0307106581
00992 1463226104.0612845421 0.0307106581
00993 1463226104.1086990833 0.0307106581
00994 1463226104.1573786736 0.0307106581
00995 1463226104.2034704685 0.0307106581
00996 1463226104.2510240078 0.0307106581
00997 1463226104.2984964848 0.0307106581
00998 1463226104.3469984531 0.0307106581
00999 1463226104.3932654858 0.0307106581
01000 1463226104.4407119751 0.0307106581
01001 1463226104.4880821705 0.0307106581
01002 1463226104.5354969501 0.0307106581
01003 1463226104.5829617977 0.0307106581
01004 1463226104.6322121620 0.0307106581
01005 1463226104.6776840687 0.0307106581
01006 1463226104.7283341885 0.0307106581
01007 1463226104.7727298737 0.0307106581
01008 1463226104.8201098442 0.0307106581
01009 1463226104.8701844215 0.0307106581
01010 1463226104.9162626266 0.0295836609
01011 1463226104.9623477459 0.0295836609
01012 1463226105.0096943378 0.0295836609
01013 1463226105.0571675301 0.0295836609
01014 1463226105.1066143513 0.0295836609
01015 1463226105.1525311470 0.0295836609
01016 1463226105.1994121075 0.0284566637
01017 1463226105.2467114925 0.0284566637
01018 1463226105.2943315506 0.0284566637
01019 1463226105.3435580730 0.0284566637
01020 1463226105.3890163898 0.0284566637
01021 1463226105.4365103245 0.0273296665
01022 1463226105.4862296581 0.0273296665
01023 1463226105.5314843655 0.0273296665
01024 1463226105.5807685852 0.0273296665
01025 1463226105.6260812283 0.0273296665
01026 1463226105.6735432148 0.0262026712
01027 1463226105.7209463120 0.0262026712
01028 1463226105.7683928013 0.0262026712
01029 1463226105.8176052570 0.0262026712
01030 1463226105.8632471561 0.0262026712
01031 1463226105.9115755558 0.0250756741
01032 1463226105.9588904381 0.0250756741
01033 1463226106.0097482204 0.0250756741
01034 1463226106.0552597046 0.0250756741
01035 1463226106.1004104614 0.0250756741
01036 1463226106.1481223106 0.0239486769
01037 1463226106.1956350803 0.0239486769
01038 1463226106.2427051067 0.0239486769
01039 1463226106.2926599979 0.0239486769
01040 1463226106.3374607563 0.0239486769
01041 1463226106.3849723339 0.0228216816
01042 1463226106.4323368073 0.0228216816
01043 1463226106.4796507359 0.0228216816
01044 1463226106.5292110443 0.0228216816
01045 1463226106.5763151646 0.0228216816
01046 1463226106.6219060421 0.0216946844
01047 1463226106.6693603992 0.0216946844
01048 1463226106.7200145721 0.0216946844
01049 1463226106.7660901546 0.0216946844
01050 1463226106.8117613792 0.0216946844
01051 1463226106.8597683907 0.0205676872
01052 1463226106.9069242477 0.0205676872
01053 1463226106.9538900852 0.0205676872
01054 1463226107.0036420822 0.0205676872
01055 1463226107.0508146286 0.0205676872
01056 1463226107.0961146355 0.0194406919
01057 1463226107.1447324753 0.0194406919
01058 1463226107.1909923553 0.0194406919
01059 1463226107.2403025627 0.0194406919
01060 1463226107.2884120941 0.0194406919
01061 1463226107.3341605663 0.0183136947
01062 1463226107.3807590008 0.0183136947
01063 1463226107.4280796051 0.0183136947
01064 1463226107.4783294201 0.0183136947
01065 1463226107.5228729248 0.0183136947
01066 1463226107.5703086853 0.0183136947
01067 1463226107.6207089424 0.0183136947
01068 1463226107.6652309895 0.0183136947
01069 1463226107.7161219120 0.0183136947
01070 1463226107.7600836754 0.0171866976
01071 1463226107.8074815273 0.0171866976
01072 1463226107.8549580574 0.0171866976
01073 1463226107.9023194313 0.0171866976
01074 1463226107.9521324635 0.0171866976
01075 1463226107.9983437061 0.0171866976
01076 1463226108.0463743210 0.0171866976
01077 1463226108.0923867226 0.0171866976
01078 1463226108.1393136978 0.0171866976
01079 1463226108.1885740757 0.0171866976
01080 1463226108.2353544235 0.0171866976
01081 1463226108.2817616463 0.0171866976
01082 1463226108.3290832043 0.0171866976
01083 1463226108.3764941692 0.0171866976
01084 1463226108.4260849953 0.0171866976
01085 1463226108.4712464809 0.0171866976
01086 1463226108.5186138153 0.0171866976
01087 1463226108.5660445690 0.0171866976
01088 1463226108.6135230064 0.0171866976
01089 1463226108.6613132954 0.0171866976
01090 1463226108.7084662914 0.0171866976
01091 1463226108.7558596134 0.0171866976
01092 1463226108.8032214642 0.0171866976
01093 1463226108.8506107330 0.0171866976
01094 1463226108.8981399536 0.0171866976
01095 1463226108.9466435909 0.0171866976
01096 1463226108.9929747581 0.0171866976
01097 1463226109.0403485298 0.0171866976
01098 1463226109.0876636505 0.0171866976
01099 1463226109.1372373104 0.0171866976
01100 1463226109.1825857162 0.0171866976
01101 1463226109.2300353050 0.0171866976
01102 1463226109.2775168419 0.0171866976
01103 1463226109.3249392509 0.0171866976
01104 1463226109.3751909733 0.0171866976
01105 1463226109.4198372364 0.0171866976
01106 1463226109.4670538902 0.0171866976
01107 1463226109.5144188404 0.0171866976
01108 1463226109.5620565414 0.0171866976
01109 1463226109.6116075516 0.0171866976
01110 1463226109.6567595005 0.0171866976
01111 1463226109.7041935921 0.0171866976
01112 1463226109.7516295910 0.0171866976
01113 1463226109.7990696430 0.0171866976
01114 1463226109.8470616341 0.0171866976
01115 1463226109.8939571381 0.0171866976
01116 1463226109.9414141178 0.0171866976
01117 1463226109.9886903763 0.0171866976
01118 1463226110.0363774300 0.0171866976
01119 1463226110.0857615471 0.0171866976
01120 1463226110.1330497265 0.0171866976
01121 1463226110.1788036823 0.0171866976
01122 1463226110.2260990143 0.0171866976
01123 1463226110.2731678486 0.0171866976
01124 1463226110.3227012157 0.0171866976
01125 1463226110.3680574894 0.0171866976
01126 1463226110.4154210091 0.0171866976
01127 1463226110.4628038406 0.0171866976
01128 1463226110.5102210045 0.0171866976
01129 1463226110.5594673157 0.0171866976
01130 1463226110.6052010059 0.0171866976
01131 1463226110.6555254459 0.0276114158
01132 1463226110.7001273632 0.0276114158
01133 1463226110.7474167347 0.0276114158
01134 1463226110.7973139286 0.0276114158
01135 1463226110.8423271179 0.0276114158
01136 1463226110.8897550106 0.0276114158
01137 1463226110.9370968342 0.0276114158
01138 1463226110.9845259190 0.0276114158
01139 1463226111.0339629650 0.0276114158
01140 1463226111.0792870522 0.0276114158
01141 1463226111.1266896725 0.0388813838
01142 1463226111.1742863655 0.0388813838
01143 1463226111.2232019901 0.0388813838
01144 1463226111.2710521221 0.0388813838
01145 1463226111.3164491653 0.0388813838
01146 1463226111.3638727665 0.0493061021
01147 1463226111.4112083912 0.0493061021
01148 1463226111.4587800503 0.0493061021
01149 1463226111.5086209774 0.0493061021
01150 1463226111.5537216663 0.0493061021
01151 1463226111.6011009216 0.0605760664
01152 1463226111.6483337879 0.0605760664
01153 1463226111.6958665848 0.0605760664
01154 1463226111.7451233864 0.0605760664
01155 1463226111.7906424999 0.0605760664
01156 1463226111.8380000591 0.0710007846
01157 1463226111.8853456974 0.0710007846
01158 1463226111.9328608513 0.0710007846
01159 1463226111.9802238941 0.0710007846
01160 1463226112.0286428928 0.0710007846
01161 1463226112.0750851631 0.0710007846
01162 1463226112.1226878166 0.0710007846
01163 1463226112.1699352264 0.0710007846
01164 1463226112.2194659710 0.0710007846
01165 1463226112.2648286819 0.0710007846
01166 1463226112.3122248650 0.0710007846
01167 1463226112.3596553802 0.0710007846
01168 1463226112.4078567028 0.0710007846
01169 1463226112.4576177597 0.0710007846
01170 1463226112.5018844604 0.0710007846
01171 1463226112.5493581295 0.0710007846
01172 1463226112.5976958275 0.0710007846
01173 1463226112.6442868710 0.0710007846
01174 1463226112.6975743771 0.0710007846
01175 1463226112.7419295311 0.0710007846
01176 1463226112.7877676487 0.0814255029
01177 1463226112.8338589668 0.0814255029
01178 1463226112.8812687397 0.0814255029
01179 1463226112.9307703972 0.0814255029
01180 1463226112.9763026237 0.0814255029
01181 1463226113.0235071182 0.0814255029
01182 1463226113.0710163116 0.0814255029
01183 1463226113.1183595657 0.0814255029
01184 1463226113.1658015251 0.0814255029
01185 1463226113.2131779194 0.0814255029
01186 1463226113.2607624531 0.0814255029
01187 1463226113.3080046177 0.0814255029
01188 1463226113.3555202484 0.0814255029
01189 1463226113.4028434753 0.0814255029
01190 1463226113.4503111839 0.0814255029
01191 1463226113.4976327419 0.0814255029
01192 1463226113.5451660156 0.0814255029
01193 1463226113.5928254128 0.0814255029
01194 1463226113.6431879997 0.0814255029
01195 1463226113.6893115044 0.0814255029
01196 1463226113.7348554134 0.0814255029
01197 1463226113.7822589874 0.0814255029
01198 1463226113.8297202587 0.0814255029
01199 1463226113.8837761879 0.0814255029
01200 1463226113.9246397018 0.0814255029
01201 1463226113.9721775055 0.0814255029
01202 1463226114.0208735466 0.0814255029
01203 1463226114.0667326450 0.0814255029
01204 1463226114.1158251762 0.0814255029
01205 1463226114.1615324020 0.0814255029
01206 1463226114.2091283798 0.0814255029
01207 1463226114.2566273212 0.0814255029
01208 1463226114.3038372993 0.0814255029
01209 1463226114.3512294292 0.0814255029
01210 1463226114.3986480236 0.0814255029
01211 1463226114.4479699135 0.0814255029
01212 1463226114.4935166836 0.0814255029
01213 1463226114.5426125526 0.0814255029
01214 1463226114.5886998177 0.0814255029
01215 1463226114.6357836723 0.0814255029
01216 1463226114.6830849648 0.0814255029
01217 1463226114.7311890125 0.0814255029
01218 1463226114.7779757977 0.0814255029
01219 1463226114.8259565830 0.0814255029
01220 1463226114.8728957176 0.0814255029
01221 1463226114.9203252792 0.0814255029
01222 1463226114.9681656361 0.0814255029
01223 1463226115.0151348114 0.0814255029
01224 1463226115.0631728172 0.0814255029
01225 1463226115.1098995209 0.0814255029
01226 1463226115.1573734283 0.0814255029
01227 1463226115.2049341202 0.0814255029
01228 1463226115.2523841858 0.0814255029
01229 1463226115.2998297215 0.0814255029
01230 1463226115.3502769470 0.0814255029
01231 1463226115.3946075439 0.0814255029
01232 1463226115.4419388771 0.0814255029
01233 1463226115.4893774986 0.0814255029
01234 1463226115.5386202335 0.0814255029
01235 1463226115.5849313736 0.0814255029
01236 1463226115.6315546036 0.0814255029
01237 1463226115.6789369583 0.0814255029
01238 1463226115.7263643742 0.0814255029
01239 1463226115.7756617069 0.0814255029
01240 1463226115.8213925362 0.0814255029
01241 1463226115.8687188625 0.0918502212
01242 1463226115.9161498547 0.0918502212
01243 1463226115.9658918381 0.0918502212
01244 1463226116.0120148659 0.0918502212
01245 1463226116.0584049225 0.0918502212
01246 1463226116.1057631969 0.0918502212
01247 1463226116.1560730934 0.0918502212
01248 1463226116.2006213665 0.0918502212
01249 1463226116.2497625351 0.0918502212
01250 1463226116.2954170704 0.0907232240
01251 1463226116.3430445194 0.0907232240
01252 1463226116.3903002739 0.0907232240
01253 1463226116.4377145767 0.0907232240
01254 1463226116.4889051914 0.0907232240
01255 1463226116.5327329636 0.0907232240
01256 1463226116.5799732208 0.0907232240
01257 1463226116.6273696423 0.0907232240
01258 1463226116.6768398285 0.0907232240
01259 1463226116.7222795486 0.0907232240
01260 1463226116.7697954178 0.0907232240
01261 1463226116.8172326088 0.0907232240
01262 1463226116.8646659851 0.0907232240
01263 1463226116.9120230675 0.0907232240
01264 1463226116.9593439102 0.0907232240
01265 1463226117.0070352554 0.0907232240
01266 1463226117.0541181564 0.0907232240
01267 1463226117.1016004086 0.0907232240
01268 1463226117.1495633125 0.0907232240
01269 1463226117.1963260174 0.0907232240
01270 1463226117.2467691898 0.0907232240
01271 1463226117.2922291756 0.0907232240
01272 1463226117.3394141197 0.0907232240
01273 1463226117.3862938881 0.0907232240
01274 1463226117.4335656166 0.0907232240
01275 1463226117.4831237793 0.0907232240
01276 1463226117.5283606052 0.0907232240
01277 1463226117.5757219791 0.0907232240
01278 1463226117.6232972145 0.0907232240
01279 1463226117.6705305576 0.0907232240
01280 1463226117.7180473804 0.0907232240
01281 1463226117.7683043480 0.0907232240
01282 1463226117.8128969669 0.0907232240
01283 1463226117.8612599373 0.0907232240
01284 1463226117.9077012539 0.0907232240
01285 1463226117.9560942650 0.0907232240
01286 1463226118.0048666000 0.0907232240
01287 1463226118.0502333641 0.0907232240
01288 1463226118.0974471569 0.0907232240
01289 1463226118.1469502449 0.0907232240
01290 1463226118.1923515797 0.0895962268
01291 1463226118.2396872044 0.0895962268
01292 1463226118.2872016430 0.0895962268
01293 1463226118.3345274925 0.0895962268
01294 1463226118.3847970963 0.0895962268
01295 1463226118.4292740822 0.0895962268
01296 1463226118.4766428471 0.0873422325
01297 1463226118.5241615772 0.0873422325
01298 1463226118.5715036392 0.0873422325
01299 1463226118.6210770607 0.0873422325
01300 1463226118.6664230824 0.0873422325
01301 1463226118.7138345242 0.0842429921
01302 1463226118.7619290352 0.0842429921
01303 1463226118.8086173534 0.0842429921
01304 1463226118.8583343029 0.0842429921
01305 1463226118.9035553932 0.0842429921
01306 1463226118.9537940025 0.0811437517
01307 1463226118.9986393452 0.0811437517
01308 1463226119.0457634926 0.0811437517
01309 1463226119.0976085663 0.0811437517
01310 1463226119.1406621933 0.0811437517
01311 1463226119.1880383492 0.0780445114
01312 1463226119.2354333401 0.0780445114
01313 1463226119.2828235626 0.0780445114
01314 1463226119.3322539330 0.0780445114
01315 1463226119.3776338100 0.0780445114
01316 1463226119.4251132011 0.0757905245
01317 1463226119.4730935097 0.0757905245
01318 1463226119.5198822021 0.0757905245
01319 1463226119.5702319145 0.0757905245
01320 1463226119.6147720814 0.0757905245
01321 1463226119.6622276306 0.0726912841
01322 1463226119.7096321583 0.0726912841
01323 1463226119.7571878433 0.0726912841
01324 1463226119.8074705601 0.0726912841
01325 1463226119.8520271778 0.0726912841
01326 1463226119.8994219303 0.0695920363
01327 1463226119.9506783485 0.0695920363
01328 1463226119.9941976070 0.0695920363
01329 1463226120.0450866222 0.0695920363
01330 1463226120.0891060829 0.0695920363
01331 1463226120.1412446499 0.0664927959
01332 1463226120.1842045784 0.0664927959
01333 1463226120.2312312126 0.0664927959
01334 1463226120.2822275162 0.0664927959
01335 1463226120.3261528015 0.0633935556
01336 1463226120.3736343384 0.0633935556
01337 1463226120.4209954739 0.0633935556
01338 1463226120.4683740139 0.0633935556
01339 1463226120.5178017616 0.0633935556
01340 1463226120.5631804466 0.0633935556
01341 1463226120.6106836796 0.0611395650
01342 1463226120.6618626118 0.0611395650
01343 1463226120.7055046558 0.0611395650
01344 1463226120.7552897930 0.0611395650
01345 1463226120.8030073643 0.0588855706
01346 1463226120.8476994038 0.0588855706
01347 1463226120.8951773643 0.0588855706
01348 1463226120.9439735413 0.0588855706
01349 1463226120.9900085926 0.0588855706
01350 1463226121.0376129150 0.0588855706
01351 1463226121.0848445892 0.0588855706
01352 1463226121.1340944767 0.0588855706
01353 1463226121.1796038151 0.0588855706
01354 1463226121.2271158695 0.0588855706
01355 1463226121.2745842934 0.0588855706
01356 1463226121.3228566647 0.0588855706
01357 1463226121.3699355125 0.0588855706
01358 1463226121.4167728424 0.0588855706
01359 1463226121.4666428566 0.0588855706
01360 1463226121.5118219852 0.0588855706
01361 1463226121.5588607788 0.0586038232
01362 1463226121.6063930988 0.0586038232
01363 1463226121.6539330482 0.0586038232
01364 1463226121.7035856247 0.0586038232
01365 1463226121.7488498688 0.0586038232
01366 1463226121.7960498333 0.0698737875
01367 1463226121.8434338570 0.0698737875
01368 1463226121.8908445835 0.0698737875
01369 1463226121.9401662350 0.0698737875
01370 1463226121.9859094620 0.0698737875
01371 1463226122.0333161354 0.0802985057
01372 1463226122.0806362629 0.0802985057
01373 1463226122.1280789375 0.0802985057
01374 1463226122.1774461269 0.0802985057
01375 1463226122.2236895561 0.0802985057
01376 1463226122.2706122398 0.0915684700
01377 1463226122.3176982403 0.0915684700
01378 1463226122.3652951717 0.0915684700
01379 1463226122.4146337509 0.0915684700
01380 1463226122.4599611759 0.0915684700
01381 1463226122.5073995590 0.1019931883
01382 1463226122.5547370911 0.1019931883
01383 1463226122.6022870541 0.1019931883
01384 1463226122.6519615650 0.1019931883
01385 1463226122.6971275806 0.1019931883
01386 1463226122.7446160316 0.1124179140
01387 1463226122.7919375896 0.1124179140
01388 1463226122.8393721581 0.1124179140
01389 1463226122.8894855976 0.1124179140
01390 1463226122.9341690540 0.1124179140
01391 1463226122.9817223549 0.1228426322
01392 1463226123.0313842297 0.1228426322
01393 1463226123.0763573647 0.1228426322
01394 1463226123.1237556934 0.1228426322
01395 1463226123.1711916924 0.1228426322
01396 1463226123.2185692787 0.1228426322
01397 1463226123.2661159039 0.1228426322
01398 1463226123.3166010380 0.1228426322
01399 1463226123.3627552986 0.1228426322
01400 1463226123.4083552361 0.1228426322
01401 1463226123.4592614174 0.1228426322
01402 1463226123.5032327175 0.1228426322
01403 1463226123.5532131195 0.1228426322
01404 1463226123.6001951694 0.1228426322
01405 1463226123.6453933716 0.1228426322
01406 1463226123.6929087639 0.1228426322
01407 1463226123.7402942181 0.1228426322
01408 1463226123.7878997326 0.1228426322
01409 1463226123.8370733261 0.1228426322
01410 1463226123.8832807541 0.1228426322
01411 1463226123.9298832417 0.1205886379
01412 1463226123.9786920547 0.1205886379
01413 1463226124.0251383781 0.1205886379
01414 1463226124.0730435848 0.1205886379
01415 1463226124.1198771000 0.1205886379
01416 1463226124.1678404808 0.1205886379
01417 1463226124.2144653797 0.1205886379
01418 1463226124.2648863792 0.1205886379
01419 1463226124.3123483658 0.1205886379
01420 1463226124.3568809032 0.1194616407
01421 1463226124.4042539597 0.1194616407
01422 1463226124.4515490532 0.1194616407
01423 1463226124.4991106987 0.1194616407
01424 1463226124.5464193821 0.1194616407
01425 1463226124.5937957764 0.1194616407
01426 1463226124.6420600414 0.1194616407
01427 1463226124.6896135807 0.1194616407
01428 1463226124.7362527847 0.1194616407
01429 1463226124.7846984863 0.1194616407
01430 1463226124.8310420513 0.1194616407
01431 1463226124.8782813549 0.1194616407
01432 1463226124.9258077145 0.1194616407
01433 1463226124.9759373665 0.1194616407
01434 1463226125.0225877762 0.1194616407
01435 1463226125.0680348873 0.1194616407
01436 1463226125.1154301167 0.1183346435
01437 1463226125.1627521515 0.1183346435
01438 1463226125.2102315426 0.1183346435
01439 1463226125.2575857639 0.1183346435
01440 1463226125.3051369190 0.1183346435
01441 1463226125.3525698185 0.1183346435
01442 1463226125.3998808861 0.1183346435
01443 1463226125.4476466179 0.1183346435
01444 1463226125.4948148727 0.1183346435
01445 1463226125.5422303677 0.1183346435
01446 1463226125.5897271633 0.1183346435
01447 1463226125.6370234489 0.1183346435
01448 1463226125.6847479343 0.1183346435
01449 1463226125.7346248627 0.1183346435
01450 1463226125.7793524265 0.1183346435
01451 1463226125.8267822266 0.1287593544
01452 1463226125.8768746853 0.1287593544
01453 1463226125.9215986729 0.1287593544
01454 1463226125.9690463543 0.1287593544
01455 1463226126.0172336102 0.1287593544
01456 1463226126.0638296604 0.1287593544
01457 1463226126.1115233898 0.1287593544
01458 1463226126.1585180759 0.1287593544
01459 1463226126.2060415745 0.1287593544
01460 1463226126.2535278797 0.1287593544
01461 1463226126.3011772633 0.1287593544
01462 1463226126.3483097553 0.1287593544
01463 1463226126.3959460258 0.1287593544
01464 1463226126.4431262016 0.1287593544
01465 1463226126.4905629158 0.1287593544
01466 1463226126.5380206108 0.1287593544
01467 1463226126.5854487419 0.1287593544
01468 1463226126.6329431534 0.1287593544
01469 1463226126.6803839207 0.1287593544
01470 1463226126.7276463509 0.1287593544
01471 1463226126.7782323360 0.1287593544
01472 1463226126.8224949837 0.1287593544
01473 1463226126.8700225353 0.1287593544
01474 1463226126.9175155163 0.1287593544
01475 1463226126.9662060738 0.1287593544
01476 1463226127.0121867657 0.1287593544
01477 1463226127.0621845722 0.1287593544
01478 1463226127.1069960594 0.1287593544
01479 1463226127.1561498642 0.1287593544
01480 1463226127.2019224167 0.1287593544
01481 1463226127.2502081394 0.1287593544
01482 1463226127.2972245216 0.1287593544
01483 1463226127.3441884518 0.1287593544
01484 1463226127.3940572739 0.1287593544
01485 1463226127.4390568733 0.1287593544
01486 1463226127.4863607883 0.1391840726
01487 1463226127.5339889526 0.1391840726
01488 1463226127.5835208893 0.1391840726
01489 1463226127.6308789253 0.1391840726
01490 1463226127.6760601997 0.1391840726
01491 1463226127.7234439850 0.1496087909
01492 1463226127.7708923817 0.1496087909
01493 1463226127.8202567101 0.1496087909
01494 1463226127.8693346977 0.1496087909
01495 1463226127.9139504433 0.1496087909
01496 1463226127.9605619907 0.1608787626
01497 1463226128.0079722404 0.1608787626
01498 1463226128.0553405285 0.1608787626
01499 1463226128.1037042141 0.1608787626
01500 1463226128.1515858173 0.1608787626
01501 1463226128.1976971626 0.1608787626
01502 1463226128.2450587749 0.1608787626
01503 1463226128.2925992012 0.1608787626
01504 1463226128.3417232037 0.1608787626
01505 1463226128.3873050213 0.1608787626
01506 1463226128.4348955154 0.1721487343
01507 1463226128.4824957848 0.1721487343
01508 1463226128.5295875072 0.1721487343
01509 1463226128.5838906765 0.1721487343
01510 1463226128.6244535446 0.1721487343
01511 1463226128.6719577312 0.1834186912
01512 1463226128.7194106579 0.1834186912
01513 1463226128.7668466568 0.1834186912
01514 1463226128.8141932487 0.1834186912
01515 1463226128.8616282940 0.1834186912
01516 1463226128.9107069969 0.1834186912
01517 1463226128.9564261436 0.1834186912
01518 1463226129.0037360191 0.1834186912
01519 1463226129.0559263229 0.1834186912
01520 1463226129.0987310410 0.1834186912
01521 1463226129.1469690800 0.1958156526
01522 1463226129.1959767342 0.1958156526
01523 1463226129.2408690453 0.1958156526
01524 1463226129.2897083759 0.1958156526
01525 1463226129.3357012272 0.1958156526
01526 1463226129.3837933540 0.1958156526
01527 1463226129.4317486286 0.1958156526
01528 1463226129.4781842232 0.1958156526
01529 1463226129.5254793167 0.1958156526
01530 1463226129.5728037357 0.1958156526
01531 1463226129.6202321053 0.1958156526
01532 1463226129.6676402092 0.1958156526
01533 1463226129.7163064480 0.1958156526
01534 1463226129.7625498772 0.1958156526
01535 1463226129.8098955154 0.1958156526
01536 1463226129.8573386669 0.1958156526
01537 1463226129.9048495293 0.1958156526
01538 1463226129.9521632195 0.1958156526
01539 1463226129.9999513626 0.1958156526
01540 1463226130.0471310616 0.1958156526
01541 1463226130.0945990086 0.1958156526
01542 1463226130.1418430805 0.1958156526
01543 1463226130.1891880035 0.1958156526
01544 1463226130.2380607128 0.1958156526
01545 1463226130.2842221260 0.1958156526
01546 1463226130.3316342831 0.1958156526
01547 1463226130.3791620731 0.1958156526
01548 1463226130.4264431000 0.1958156526
01549 1463226130.4760115147 0.1958156526
01550 1463226130.5210804939 0.1958156526
01551 1463226130.5687026978 0.1935616583
01552 1463226130.6162016392 0.1935616583
01553 1463226130.6634767056 0.1935616583
01554 1463226130.7135651112 0.1935616583
01555 1463226130.7582945824 0.1935616583
01556 1463226130.8056991100 0.1913076788
01557 1463226130.8537597656 0.1913076788
01558 1463226130.9005253315 0.1913076788
01559 1463226130.9527082443 0.1913076788
01560 1463226130.9953465462 0.1913076788
01561 1463226131.0428252220 0.1882084310
01562 1463226131.0905184746 0.1882084310
01563 1463226131.1394891739 0.1882084310
01564 1463226131.1872091293 0.1882084310
01565 1463226131.2325575352 0.1882084310
01566 1463226131.2798531055 0.1839821935
01567 1463226131.3274288177 0.1839821935
01568 1463226131.3748798370 0.1839821935
01569 1463226131.4241495132 0.1839821935
01570 1463226131.4695920944 0.1839821935
01571 1463226131.5189125538 0.1789107025
01572 1463226131.5646729469 0.1789107025
01573 1463226131.6119172573 0.1789107025
01574 1463226131.6611781120 0.1789107025
01575 1463226131.7080404758 0.1789107025
01576 1463226131.7542316914 0.1758114696
01577 1463226131.8015961647 0.1758114696
01578 1463226131.8490650654 0.1758114696
01579 1463226131.8964471817 0.1758114696
01580 1463226131.9450645447 0.1758114696
01581 1463226131.9920701981 0.1758114696
01582 1463226132.0387418270 0.1758114696
01583 1463226132.0860338211 0.1758114696
01584 1463226132.1362755299 0.1758114696
01585 1463226132.1818563938 0.1758114696
01586 1463226132.2282285690 0.1870814413
01587 1463226132.2761173248 0.1870814413
01588 1463226132.3231198788 0.1870814413
01589 1463226132.3726925850 0.1870814413
01590 1463226132.4180116653 0.1870814413
01591 1463226132.4683046341 0.1983513981
01592 1463226132.5136523247 0.1983513981
01593 1463226132.5603642464 0.1983513981
01594 1463226132.6107058525 0.1983513981
01595 1463226132.6563379765 0.1983513981
01596 1463226132.7030858994 0.2087761164
01597 1463226132.7503407001 0.2087761164
01598 1463226132.7974236012 0.2087761164
01599 1463226132.8448157310 0.2087761164
01600 1463226132.8921532631 0.2087761164
01601 1463226132.9408860207 0.2087761164
01602 1463226132.9869799614 0.2087761164
01603 1463226133.0373587608 0.2087761164
01604 1463226133.0818953514 0.2087761164
01605 1463226133.1297619343 0.2087761164
01606 1463226133.1767296791 0.2087761164
01607 1463226133.2246232033 0.2087761164
01608 1463226133.2715759277 0.2087761164
01609 1463226133.3189778328 0.2087761164
01610 1463226133.3664529324 0.2087761164
01611 1463226133.4137980938 0.2087761164
01612 1463226133.4611806870 0.2087761164
01613 1463226133.5089297295 0.2087761164
01614 1463226133.5561022758 0.2087761164
01615 1463226133.6034779549 0.2087761164
01616 1463226133.6509749889 0.2087761164
01617 1463226133.6986923218 0.2087761164
01618 1463226133.7457592487 0.2087761164
01619 1463226133.7931292057 0.2087761164
01620 1463226133.8406002522 0.2087761164
01621 1463226133.8880190849 0.2087761164
01622 1463226133.9361424446 0.2087761164
01623 1463226133.9830336571 0.2087761164
01624 1463226134.0325291157 0.2087761164
01625 1463226134.0777165890 0.2087761164
01626 1463226134.1251933575 0.2087761164
01627 1463226134.1724972725 0.2087761164
01628 1463226134.2199132442 0.2087761164
01629 1463226134.2673132420 0.2087761164
01630 1463226134.3147623539 0.2087761164
01631 1463226134.3621978760 0.2087761164
01632 1463226134.4095952511 0.2087761164
01633 1463226134.4592497349 0.2087761164
01634 1463226134.5046818256 0.2087761164
01635 1463226134.5518934727 0.2087761164
01636 1463226134.5993106365 0.2087761164
01637 1463226134.6467773914 0.2087761164
01638 1463226134.6941194534 0.2087761164
01639 1463226134.7415888309 0.2087761164
01640 1463226134.7891836166 0.2087761164
01641 1463226134.8365168571 0.2087761164
01642 1463226134.8839139938 0.2087761164
01643 1463226134.9311981201 0.2087761164
01644 1463226134.9852592945 0.2087761164
01645 1463226135.0263123512 0.2076491266
01646 1463226135.0735170841 0.2076491266
01647 1463226135.1208789349 0.2076491266
01648 1463226135.1682467461 0.2076491266
01649 1463226135.2176558971 0.2076491266
01650 1463226135.2631430626 0.2076491266
01651 1463226135.3105959892 0.2053951323
01652 1463226135.3580782413 0.2053951323
01653 1463226135.4053347111 0.2053951323
01654 1463226135.4570407867 0.2053951323
01655 1463226135.5011467934 0.2053951323
01656 1463226135.5476198196 0.2031411380
01657 1463226135.5952498913 0.2031411380
01658 1463226135.6426203251 0.2031411380
01659 1463226135.6925532818 0.2031411380
01660 1463226135.7380964756 0.2031411380
01661 1463226135.7853112221 0.2000418901
01662 1463226135.8322031498 0.2000418901
01663 1463226135.8796176910 0.2000418901
01664 1463226135.9288780689 0.2000418901
01665 1463226135.9744629860 0.2000418901
01666 1463226136.0278193951 0.1958156526
01667 1463226136.0694499016 0.1958156526
01668 1463226136.1168558598 0.1958156526
01669 1463226136.1692464352 0.1958156526
01670 1463226136.2118682861 0.1958156526
01671 1463226136.2589092255 0.1927164197
01672 1463226136.3063943386 0.1927164197
01673 1463226136.3538701534 0.1927164197
01674 1463226136.4037630558 0.1927164197
01675 1463226136.4487287998 0.1927164197
01676 1463226136.4991195202 0.1896171719
01677 1463226136.5435318947 0.1896171719
01678 1463226136.5909757614 0.1896171719
01679 1463226136.6388585567 0.1896171719
01680 1463226136.6856565475 0.1896171719
01681 1463226136.7340743542 0.1896171719
01682 1463226136.7811372280 0.1896171719
01683 1463226136.8282949924 0.1896171719
01684 1463226136.8754878044 0.1896171719
01685 1463226136.9230904579 0.1896171719
01686 1463226136.9701619148 0.1896171719
01687 1463226137.0175991058 0.1896171719
01688 1463226137.0650773048 0.1896171719
01689 1463226137.1124424934 0.1896171719
01690 1463226137.1599841118 0.1896171719
01691 1463226137.2081422806 0.1896171719
01692 1463226137.2546067238 0.1896171719
01693 1463226137.3021492958 0.1896171719
01694 1463226137.3504607677 0.1896171719
01695 1463226137.3969631195 0.1896171719
01696 1463226137.4445350170 0.1896171719
01697 1463226137.4920103550 0.1896171719
01698 1463226137.5394806862 0.1896171719
01699 1463226137.5867049694 0.1896171719
01700 1463226137.6341457367 0.1896171719
01701 1463226137.6814451218 0.1896171719
01702 1463226137.7290987968 0.1896171719
01703 1463226137.7765960693 0.1896171719
01704 1463226137.8272228241 0.1896171719
01705 1463226137.8713178635 0.1896171719
01706 1463226137.9186682701 0.2000418901
01707 1463226137.9665462971 0.2000418901
01708 1463226138.0134873390 0.2000418901
01709 1463226138.0609173775 0.2000418901
01710 1463226138.1082334518 0.2000418901
01711 1463226138.1568245888 0.2000418901
01712 1463226138.2031323910 0.2000418901
01713 1463226138.2506477833 0.2000418901
01714 1463226138.2979896069 0.2000418901
01715 1463226138.3453104496 0.2000418901
01716 1463226138.3928651810 0.2000418901
01717 1463226138.4402859211 0.2000418901
01718 1463226138.4876165390 0.2000418901
01719 1463226138.5350897312 0.2000418901
01720 1463226138.5824420452 0.2000418901
01721 1463226138.6299340725 0.2000418901
01722 1463226138.6773176193 0.2000418901
01723 1463226138.7247765064 0.2000418901
01724 1463226138.7731697559 0.2000418901
01725 1463226138.8196074963 0.2000418901
01726 1463226138.8675193787 0.2000418901
01727 1463226138.9143662453 0.2000418901
01728 1463226138.9618899822 0.2000418901
01729 1463226139.0106954575 0.2000418901
01730 1463226139.0569181442 0.2000418901
01731 1463226139.1042854786 0.2000418901
01732 1463226139.1514689922 0.2000418901
01733 1463226139.1989381313 0.2000418901
01734 1463226139.2463178635 0.2000418901
01735 1463226139.2941331863 0.2000418901
01736 1463226139.3413770199 0.2000418901
01737 1463226139.3889935017 0.2000418901
01738 1463226139.4359540939 0.2000418901
01739 1463226139.4836065769 0.2000418901
01740 1463226139.5311276913 0.2000418901
01741 1463226139.5782561302 0.2000418901
01742 1463226139.6259615421 0.2000418901
01743 1463226139.6731920242 0.2000418901
01744 1463226139.7225215435 0.2000418901
01745 1463226139.7679972649 0.2000418901
01746 1463226139.8154227734 0.1969426572
01747 1463226139.8628826141 0.1969426572
01748 1463226139.9102046490 0.1969426572
01749 1463226139.9597425461 0.1969426572
01750 1463226140.0051195621 0.1969426572
01751 1463226140.0524482727 0.1946886629
01752 1463226140.0998225212 0.1946886629
01753 1463226140.1471817493 0.1946886629
01754 1463226140.1977484226 0.1946886629
01755 1463226140.2422358990 0.1946886629
01756 1463226140.2896277905 0.1935616583
01757 1463226140.3370547295 0.1935616583
01758 1463226140.3844399452 0.1935616583
01759 1463226140.4338679314 0.1935616583
01760 1463226140.4791715145 0.1935616583
01761 1463226140.5267851353 0.1904624254
01762 1463226140.5740988255 0.1904624254
01763 1463226140.6214220524 0.1904624254
01764 1463226140.6711964607 0.1904624254
01765 1463226140.7163908482 0.1904624254
01766 1463226140.7638690472 0.1882084310
01767 1463226140.8112936020 0.1882084310
01768 1463226140.8612749577 0.1882084310
01769 1463226140.9087741375 0.1882084310
01770 1463226140.9535250664 0.1882084310
01771 1463226141.0009174347 0.1851091981
01772 1463226141.0482623577 0.1851091981
01773 1463226141.0957551003 0.1851091981
01774 1463226141.1448855400 0.1851091981
01775 1463226141.1905574799 0.1851091981
01776 1463226141.2405900955 0.1820099503
01777 1463226141.2853701115 0.1820099503
01778 1463226141.3328893185 0.1820099503
01779 1463226141.3819615841 0.1820099503
01780 1463226141.4276206493 0.1820099503
01781 1463226141.4752526283 0.1797559559
01782 1463226141.5224945545 0.1797559559
01783 1463226141.5703914165 0.1797559559
01784 1463226141.6172666550 0.1797559559
01785 1463226141.6647193432 0.1797559559
01786 1463226141.7120723724 0.1797559559
01787 1463226141.7595589161 0.1797559559
01788 1463226141.8070268631 0.1797559559
01789 1463226141.8545014858 0.1797559559
01790 1463226141.9019389153 0.1797559559
01791 1463226141.9493074417 0.1797559559
01792 1463226141.9967377186 0.1797559559
01793 1463226142.0440831184 0.1797559559
01794 1463226142.0916221142 0.1797559559
01795 1463226142.1389656067 0.1797559559
01796 1463226142.1863873005 0.1797559559
01797 1463226142.2338161469 0.1797559559
01798 1463226142.2812182903 0.1797559559
01799 1463226142.3287088871 0.1797559559
